# Gnuplot colour map
# cptutils 1.46, Wed Aug 15 23:33:02 2012
0.00000 0.00000 0.00000 0.00000
0.01590 0.36863 0.01961 0.00000
0.03170 0.45882 0.05882 0.00000
0.04760 0.51765 0.09412 0.00000
0.06350 0.56078 0.12549 0.00000
0.07940 0.60000 0.15294 0.00000
0.09520 0.63137 0.18039 0.00000
0.11110 0.65882 0.20392 0.00000
0.12700 0.68235 0.22745 0.00000
0.14290 0.70196 0.25098 0.00000
0.15870 0.72549 0.27451 0.00000
0.17460 0.74118 0.29412 0.00000
0.19050 0.76078 0.31373 0.00000
0.20630 0.77647 0.33333 0.00000
0.22220 0.78824 0.35294 0.00000
0.23810 0.80392 0.37255 0.00000
0.25400 0.81569 0.38824 0.00000
0.26980 0.82745 0.40784 0.00000
0.28570 0.83922 0.42353 0.00000
0.30160 0.85098 0.43922 0.00000
0.31750 0.86275 0.45490 0.00000
0.33330 0.87059 0.47059 0.00000
0.34920 0.88235 0.48627 0.00000
0.36510 0.89020 0.50196 0.00000
0.38100 0.89804 0.51765 0.00000
0.39680 0.90588 0.53333 0.00000
0.41270 0.91765 0.54902 0.00000
0.42860 0.92549 0.56078 0.00000
0.44440 0.92941 0.57647 0.00000
0.46030 0.93725 0.59216 0.00000
0.47620 0.94510 0.60392 0.00000
0.49210 0.95294 0.61961 0.00000
0.50790 0.95686 0.63137 0.00000
0.52380 0.96471 0.64706 0.00000
0.53970 0.96863 0.65882 0.00000
0.55560 0.97647 0.67059 0.00000
0.57140 0.98039 0.68235 0.00000
0.58730 0.98824 0.69804 0.00000
0.60320 0.99216 0.70980 0.00000
0.61900 0.99608 0.72157 0.00000
0.63490 1.00000 0.73333 0.00000
0.65080 1.00000 0.74510 0.00000
0.66670 1.00000 0.75686 0.00000
0.68250 1.00000 0.76863 0.00000
0.69840 1.00000 0.78039 0.00000
0.71430 1.00000 0.79216 0.00000
0.73020 1.00000 0.80392 0.00000
0.74600 1.00000 0.81569 0.00000
0.76190 1.00000 0.82745 0.00000
0.77780 1.00000 0.83922 0.00000
0.79370 1.00000 0.85098 0.00000
0.80950 1.00000 0.86275 0.00000
0.82540 1.00000 0.87059 0.00000
0.84130 1.00000 0.88235 0.00000
0.85710 1.00000 0.89412 0.00000
0.87300 1.00000 0.90588 0.00000
0.88890 1.00000 0.91373 0.00000
0.90480 1.00000 0.92549 0.00000
0.92060 1.00000 0.93725 0.00000
0.93650 1.00000 0.94510 0.00000
0.95240 1.00000 0.95686 0.00000
0.96830 1.00000 0.96471 0.00000
0.98410 1.00000 0.97647 0.00000
1.00000 1.00000 0.98824 0.00000
