# Gnuplot colour map
# cptutils 1.46, Wed Aug 15 23:35:36 2012
0.00000 0.60000 0.00000 0.60000
0.00990 0.60784 0.00392 0.58039
0.01980 0.61569 0.00392 0.55686
0.02970 0.62353 0.00784 0.53725
0.03960 0.63137 0.00784 0.51373
0.04950 0.63529 0.01176 0.49412
0.05940 0.64314 0.01569 0.47059
0.06930 0.65098 0.01569 0.44706
0.07920 0.65882 0.01961 0.42353
0.08910 0.66667 0.02353 0.40000
0.09900 0.67451 0.02353 0.37647
0.10890 0.68235 0.02745 0.34902
0.11880 0.69020 0.03137 0.32549
0.12870 0.69412 0.03137 0.29804
0.13860 0.70196 0.03529 0.27451
0.14850 0.70980 0.03922 0.24706
0.15840 0.71765 0.04314 0.21961
0.16830 0.72549 0.04706 0.19216
0.17820 0.73333 0.04706 0.16471
0.18810 0.74118 0.05098 0.13725
0.19800 0.74902 0.05490 0.10980
0.20790 0.75294 0.05882 0.08235
0.21780 0.76078 0.07059 0.06275
0.22770 0.76863 0.10588 0.06667
0.23760 0.77647 0.14118 0.06667
0.24750 0.78431 0.18039 0.07059
0.25740 0.79216 0.21569 0.07451
0.26730 0.80000 0.25490 0.07843
0.27720 0.80392 0.27059 0.08235
0.28710 0.80392 0.28627 0.08235
0.29700 0.80784 0.29804 0.08235
0.30690 0.81176 0.31373 0.08627
0.31680 0.81176 0.32941 0.08627
0.32670 0.81569 0.34118 0.08627
0.33660 0.81961 0.35686 0.09020
0.34650 0.81961 0.36863 0.09020
0.35640 0.82353 0.38431 0.09412
0.36630 0.82745 0.40000 0.09412
0.37620 0.82745 0.41176 0.09412
0.38610 0.83137 0.42745 0.09804
0.39600 0.83529 0.44314 0.09804
0.40590 0.83922 0.45490 0.09804
0.41580 0.83922 0.47059 0.10196
0.42570 0.84314 0.48627 0.10196
0.43560 0.84706 0.50196 0.10196
0.44550 0.84706 0.51373 0.10588
0.45540 0.85098 0.52941 0.10588
0.46530 0.85490 0.54510 0.10980
0.47520 0.85490 0.56078 0.10980
0.48510 0.85882 0.57647 0.10980
0.49500 0.86275 0.58824 0.11373
0.50500 0.86275 0.60392 0.11373
0.51490 0.86667 0.61961 0.11765
0.52480 0.87059 0.63529 0.11765
0.53470 0.87451 0.65098 0.11765
0.54460 0.87451 0.66667 0.12157
0.55450 0.87843 0.67843 0.12157
0.56440 0.88235 0.69412 0.12549
0.57430 0.88235 0.70980 0.12549
0.58420 0.88627 0.72549 0.12549
0.59410 0.89020 0.74118 0.12941
0.60400 0.89020 0.75686 0.12941
0.61390 0.89412 0.77255 0.13333
0.62380 0.89804 0.78824 0.13333
0.63370 0.89804 0.80392 0.13333
0.64360 0.90196 0.81961 0.13725
0.65350 0.90588 0.83529 0.13725
0.66340 0.90980 0.85098 0.14118
0.67330 0.90980 0.86667 0.14118
0.68320 0.91373 0.88235 0.14118
0.69310 0.91765 0.89804 0.14510
0.70300 0.91765 0.91373 0.14510
0.71290 0.91373 0.92157 0.14902
0.72280 0.90588 0.92549 0.14902
0.73270 0.89412 0.92549 0.15294
0.74260 0.88235 0.92941 0.15294
0.75250 0.87451 0.93333 0.15294
0.76240 0.86275 0.93333 0.15686
0.77230 0.85098 0.93725 0.15686
0.78220 0.83922 0.94118 0.16078
0.79210 0.83137 0.94118 0.16078
0.80200 0.81961 0.94510 0.16471
0.81190 0.80784 0.94902 0.16471
0.82180 0.80000 0.95294 0.16863
0.83170 0.78824 0.95294 0.16863
0.84160 0.77647 0.95686 0.17255
0.85150 0.76471 0.96078 0.17255
0.86140 0.75294 0.96078 0.17255
0.87130 0.74510 0.96471 0.17647
0.88120 0.73333 0.96863 0.17647
0.89110 0.72157 0.96863 0.18039
0.90100 0.70980 0.97255 0.18039
0.91090 0.70196 0.97647 0.18431
0.92080 0.69020 0.97647 0.18431
0.93070 0.67843 0.98039 0.18824
0.94060 0.66667 0.98431 0.18824
0.95050 0.65490 0.98824 0.19216
0.96040 0.64314 0.98824 0.19216
0.97030 0.63529 0.99216 0.19608
0.98020 0.62353 0.99608 0.19608
0.99010 0.61176 0.99608 0.20000
1.00000 0.60000 1.00000 0.20000
